1 0 0 0 0 1 0 0 0 0 1 0
1 1.94383e-05 4.58576e-05 -0.0037821 -1.94447e-05 1 0.000139499 -0.00130934 -4.58549e-05 -0.0001395 1 0.00074873
1 0.00018255 -0.000151138 -0.000944108 -0.000182554 1 -2.37455e-05 -0.00239146 0.000151134 2.37731e-05 1 -0.000462835
1 0.000330967 -0.000118885 -0.00162096 -0.000330965 1 1.62097e-05 -0.00369442 0.00011889 -1.61704e-05 1 -0.00039538
1 0.00046289 -0.000116036 -0.00325284 -0.000462886 1 3.58636e-05 -0.00550804 0.000116053 -3.58099e-05 1 -5.06376e-06
1 0.000716307 -0.000265425 -0.00143057 -0.0007163 1 2.87422e-05 -0.007957 0.000265445 -2.85521e-05 1 -0.00088006
1 0.000678371 -0.000365074 0.000225964 -0.000678384 1 -3.39092e-05 -0.00816278 0.000365051 3.41569e-05 1 -0.00155306
1 0.000659955 -0.000405855 0.000415515 -0.000659976 1 -5.10878e-05 -0.009031 0.000405821 5.13556e-05 1 -0.00187194
1 0.000619025 -0.000453266 0.00206432 -0.000619038 1 -2.8782e-05 -0.0105827 0.000453248 2.90625e-05 1 -0.002182
1 0.000546683 -0.00042292 0.00281288 -0.000546708 1 -5.85124e-05 -0.0116456 0.000422888 5.87435e-05 1 -0.00231863
1 0.000651099 -0.0004993 0.00352915 -0.000651131 1 -6.2668e-05 -0.0141241 0.000499259 6.29931e-05 1 -0.00285677
1 0.000814198 -0.000549618 0.00132886 -0.000814285 1 -0.000157957 -0.013449 0.000549489 0.000158405 1 -0.00390159
0.999999 0.000877289 -0.000525766 0.00201841 -0.000877351 1 -0.000119079 -0.0154074 0.000525661 0.00011954 1 -0.00333033
0.999999 0.00101482 -0.000613696 0.00180178 -0.0010149 1 -0.000139202 -0.0160071 0.000613554 0.000139825 1 -0.00388732
0.999999 0.00100546 -0.000686787 0.00277952 -0.00100558 1 -0.000182433 -0.0166012 0.000686603 0.000183123 1 -0.00461566
0.999999 0.0010507 -0.000598994 -0.00130495 -0.00105082 1 -0.000192544 -0.0172355 0.000598791 0.000193173 1 -0.00732274
0.999999 0.000879497 -0.000668803 -0.00367807 -0.000879642 1 -0.000217102 -0.0171295 0.000668612 0.00021769 1 -0.00796053
0.999999 0.000980171 -0.000596654 -0.00532148 -0.000980329 1 -0.000263944 -0.017242 0.000596396 0.000264529 1 -0.00877034
1 0.000892036 -0.000574728 -0.00490317 -0.000892138 1 -0.000176633 -0.017398 0.00057457 0.000177146 1 -0.00884457
1 0.000699904 -0.000425139 -0.00634028 -0.000700024 1 -0.000282859 -0.0171799 0.000424941 0.000283157 1 -0.0106738
1 0.000656746 -0.000434706 -0.00937729 -0.00065688 1 -0.000306969 -0.0164674 0.000434505 0.000307254 1 -0.0143851
1 0.000517175 -0.000474602 -0.00953498 -0.000517358 1 -0.000384033 -0.0156853 0.000474403 0.000384278 1 -0.0160594
1 0.000587342 -0.000517468 -0.00888967 -0.000587571 1 -0.000441789 -0.0163581 0.000517208 0.000442093 1 -0.016721
1 0.000825648 -0.000536727 -0.0105527 -0.000825863 1 -0.000401293 -0.0177323 0.000536395 0.000401736 1 -0.0176981
1 0.000922416 -0.000538176 -0.0119724 -0.000922657 1 -0.00044669 -0.0183438 0.000537764 0.000447186 1 -0.0177805
1 0.000864855 -0.000527009 -0.0126417 -0.000865103 1 -0.000470407 -0.0186082 0.000526602 0.000470863 1 -0.0176971
0.999999 0.00110697 -0.000570793 -0.0125815 -0.00110707 1 -0.000185978 -0.0212165 0.000570586 0.00018661 1 -0.0175843
0.999999 0.00097809 -0.000554563 -0.0127392 -0.000978165 1 -0.000135689 -0.0207932 0.00055443 0.000136231 1 -0.0172205
0.999999 0.000994 -0.000611035 -0.013133 -0.000994172 1 -0.000281611 -0.0204609 0.000610755 0.000282218 1 -0.0171709
1 0.000910691 -0.000615819 -0.011845 -0.000910846 1 -0.000251143 -0.0195798 0.00061559 0.000251704 1 -0.0169617
1 0.000818865 -0.000542039 -0.0122583 -0.000818969 1 -0.000191413 -0.0196375 0.000541882 0.000191857 1 -0.0157889
1 0.000663244 -0.0005771 -0.0134189 -0.000663369 1 -0.000216553 -0.0194571 0.000576956 0.000216935 1 -0.0143852
1 0.000953459 -0.000548548 -0.0147127 -0.000953534 1 -0.000136019 -0.0206388 0.000548418 0.000136542 1 -0.0134741
0.999999 0.00142764 -0.000528209 -0.0185312 -0.00142773 0.999999 -0.00017079 -0.0190036 0.000527964 0.000171544 1 -0.0121281
0.999999 0.00161552 -0.000448916 -0.0202835 -0.00161554 0.999999 -3.93358e-05 -0.0174125 0.000448852 4.00611e-05 1 -0.0102665
0.999999 0.00167411 -0.000507762 -0.0211316 -0.00167411 0.999999 1.87939e-06 -0.017103 0.000507765 -1.0293e-06 1 -0.00934917
0.999998 0.00185765 -0.000488586 -0.0263631 -0.00185761 0.999999 7.70916e-05 -0.0168333 0.000488728 -7.61838e-05 1 -0.00877763
0.999998 0.00186646 -0.000662504 -0.0295021 -0.0018664 0.999999 9.48959e-05 -0.0137711 0.00066268 -9.36592e-05 1 -0.00833597
1 0.000668575 -0.000711865 -0.0273825 -0.000668309 1 0.00037422 -0.0117619 0.000712115 -0.000373744 1 -0.00865929
0.999993 -0.00386929 -0.000445007 -0.0122734 0.00386945 0.999993 0.000353832 -0.0117786 0.000443634 -0.000355551 1 -0.00961179
0.999936 -0.011362 -0.000294191 0.0266201 0.0113621 0.999936 0.000353142 -0.00909296 0.00029016 -0.000356462 1 -0.00897259
0.9998 -0.0200277 -0.000119898 0.0649757 0.0200277 0.9998 0.000467346 -0.00897777 0.000110515 -0.000469653 1 -0.00749169
0.99957 -0.0293375 -0.000105897 0.107359 0.0293375 0.99957 0.000469722 -0.00626896 9.20707e-05 -0.000472627 1 -0.00802807
0.999214 -0.0396427 -0.000119589 0.150663 0.0396428 0.999214 0.00054246 -0.00211102 9.79908e-05 -0.000546774 1 -0.00606681
0.998715 -0.0506786 -0.000217834 0.196057 0.0506787 0.998715 0.000388549 0.00173306 0.000197863 -0.000399089 1 -0.00711914
0.997989 -0.0633928 -4.64357e-05 0.239407 0.0633928 0.997989 0.000407867 0.00790723 2.04866e-05 -0.000409991 1 -0.00541188
0.996978 -0.0776808 8.77237e-05 0.284528 0.0776807 0.996978 0.000421337 0.0125819 -0.000120188 -0.000413249 1 -0.00531133
0.99578 -0.0917728 -0.000386421 0.323209 0.091773 0.99578 0.000510078 0.0217983 0.000337979 -0.000543388 1 -0.00275047
0.994458 -0.105137 -0.000349822 0.356269 0.105137 0.994458 0.000411457 0.0265063 0.000304624 -0.000445956 1 -0.00269372
0.993055 -0.117648 -0.000525894 0.388599 0.117648 0.993055 0.000500923 0.0359113 0.000463309 -0.000559315 1 -0.00304575
0.991483 -0.130238 -0.000581827 0.419142 0.130239 0.991483 0.000490124 0.0472105 0.000513038 -0.000561726 1 -0.00318995
0.989554 -0.144163 -0.000542399 0.441744 0.144164 0.989554 0.00062593 0.0617832 0.000446497 -0.000697585 1 -0.00172759
0.98711 -0.160041 -0.000341857 0.485271 0.160041 0.98711 0.00074197 0.0757268 0.000218705 -0.000787117 1 -0.000723894
0.984155 -0.17731 -0.000222355 0.527883 0.17731 0.984155 0.000693304 0.0925429 9.59028e-05 -0.000721744 1 -0.00191358
0.980584 -0.196099 -0.000429381 0.56879 0.1961 0.980584 0.000813665 0.116267 0.000261485 -0.000882068 1 -0.000263126
0.976266 -0.216576 -0.00072814 0.61357 0.216577 0.976266 0.000694894 0.13829 0.00056036 -0.000836099 1 7.00653e-05
0.971037 -0.23893 -0.000793134 0.660036 0.23893 0.971037 0.000695461 0.16175 0.000603996 -0.000864821 1 0.000428891
0.964665 -0.263477 -0.000856718 0.715042 0.263477 0.964665 0.000736679 0.186582 0.000632349 -0.000936375 1 0.000873011
0.957193 -0.289451 -0.000740448 0.775856 0.289451 0.957192 0.000883939 0.208865 0.000452895 -0.00106042 1 0.00243555
0.948515 -0.316732 -0.000583053 0.837809 0.316732 0.948515 0.000837451 0.239041 0.000287788 -0.000979006 1 0.00240587
0.938825 -0.344394 -0.000621262 0.904101 0.344394 0.938825 0.000971441 0.269355 0.000248698 -0.00112597 1 0.00386417
0.927773 -0.373145 -0.000586353 0.969958 0.373146 0.927773 0.000876638 0.303995 0.000216889 -0.00103212 1 0.00383588
0.91567 -0.40193 -0.000707603 1.03565 0.401931 0.91567 0.000803559 0.333402 0.000324957 -0.0010202 1 0.00479241
0.902589 -0.430504 -0.000678 1.10406 0.430504 0.902588 0.000933106 0.37777 0.000210249 -0.00113409 1 0.00529503
0.88833 -0.459206 -0.000368677 1.17806 0.459206 0.888329 0.00106105 0.409724 -0.000159734 -0.00111186 1 0.00954798
0.873221 -0.487325 -0.000420009 1.24312 0.487326 0.87322 0.00111162 0.458166 -0.000174962 -0.00117537 1 0.0101934
0.857027 -0.515272 -0.000508676 1.30808 0.515272 0.857026 0.00106319 0.499448 -0.000111881 -0.00117328 1 0.0122326
0.840488 -0.54183 -0.000720817 1.36672 0.54183 0.840488 0.00092816 0.545558 0.000102934 -0.00117067 1 0.0157948
0.823755 -0.566946 -0.000635236 1.4278 0.566946 0.823754 0.00111395 0.59582 -0.00010827 -0.00127777 0.999999 0.016256
0.806149 -0.591712 -0.000748974 1.49176 0.591712 0.806148 0.00115249 0.648695 -7.81559e-05 -0.00137225 0.999999 0.0179595
0.787916 -0.615782 -0.00102645 1.5462 0.615783 0.787915 0.00112631 0.700525 0.000115195 -0.00151951 0.999999 0.0200934
0.768926 -0.639337 -0.00108977 1.60366 0.639338 0.768925 0.000905729 0.749433 0.000258889 -0.00139317 0.999999 0.0234865
0.749555 -0.661941 -0.00116915 1.65495 0.661942 0.749554 0.00108514 0.808668 0.000158042 -0.00158728 0.999999 0.021803
0.72935 -0.68414 -0.00106931 1.70707 0.684141 0.729349 0.00108827 0.871008 3.53746e-05 -0.00152529 0.999999 0.0223758
0.708704 -0.705505 -0.00128612 1.75768 0.705506 0.708703 0.00110509 0.930982 0.000131837 -0.00169055 0.999999 0.0268527
0.687171 -0.726494 -0.00133196 1.80928 0.726496 0.687171 0.000815776 0.990169 0.000322626 -0.00152824 0.999999 0.0256798
0.664471 -0.747313 -0.00137718 1.85906 0.747314 0.664471 0.000922987 1.0571 0.000225338 -0.00164249 0.999999 0.0284115
0.642026 -0.766682 -0.00107361 1.91275 0.766683 0.642025 0.00115725 1.12218 -0.000197959 -0.00156611 0.999999 0.0282944
0.619536 -0.784967 -0.00117163 1.95943 0.784968 0.619535 0.0013619 1.18765 -0.000343185 -0.00176344 0.999999 0.0308192
0.597732 -0.801696 -0.00105379 2.00584 0.801696 0.597731 0.000930856 1.25127 -0.000116378 -0.00140122 0.999999 0.0314832
0.576991 -0.816749 -0.00135992 2.05448 0.81675 0.57699 0.00103678 1.32021 -6.21276e-05 -0.00170893 0.999999 0.0353259
0.556333 -0.830958 -0.00158393 2.09608 0.830959 0.556333 0.000812304 1.39782 0.000206202 -0.00176809 0.999999 0.032194
0.536806 -0.843704 -0.00134179 2.15389 0.843706 0.536806 0.000666946 1.47363 0.000157574 -0.00149009 0.999999 0.031952
0.516735 -0.856145 -0.00108973 2.20526 0.856146 0.516735 0.000619795 1.55137 3.24666e-05 -0.00125324 1 0.0318667
0.496992 -0.867755 -0.00106357 2.25369 0.867755 0.496992 0.000405837 1.6347 0.000176419 -0.00112462 1 0.0349637
0.476323 -0.87927 -0.00119065 2.29077 0.87927 0.476323 0.000671034 1.72623 -2.28877e-05 -0.00136653 0.999999 0.0378984
0.455132 -0.890424 -0.0010656 2.33147 0.890424 0.455131 0.00098046 1.80912 -0.000388038 -0.00139507 0.999999 0.0366118
0.434229 -0.900802 -0.00111598 2.36993 0.900803 0.434228 0.000859826 1.89261 -0.000289943 -0.00137864 0.999999 0.0383317
0.413036 -0.910715 -0.000212145 2.41377 0.910715 0.413035 0.000659728 1.97243 -0.000513201 -0.000465695 1 0.0331471
0.3916 -0.920135 -0.000255123 2.44945 0.920135 0.3916 0.000653998 2.05485 -0.00050186 -0.000490854 1 0.0447064
0.369406 -0.929268 -0.000343224 2.47715 0.929268 0.369406 0.000573353 2.13882 -0.000406009 -0.000530746 1 0.0418351
0.344827 -0.938666 -0.00033569 2.50487 0.938666 0.344827 0.000578712 2.22763 -0.000427462 -0.000514656 1 0.0470054
0.317787 -0.948162 -0.000341288 2.53031 0.948162 0.317787 3.98065e-05 2.3101 7.07142e-05 -0.000336246 1 0.0461375
0.291069 -0.956702 -0.000641196 2.55194 0.956702 0.29107 -0.00025005 2.39498 0.000425856 -0.000540651 1 0.0494424
0.266083 -0.96395 -0.000622609 2.5716 0.963949 0.266084 -0.00133355 2.46074 0.00145114 -0.000245329 0.999999 0.0469861
0.245648 -0.969359 -0.000273299 2.58654 0.969357 0.245648 -0.00196695 2.53415 0.00197382 0.000218254 0.999998 0.050203
0.230855 -0.972988 -0.000964057 2.58926 0.972986 0.230856 -0.00192868 2.6157 0.00209915 -0.000492767 0.999998 0.0501437
0.220993 -0.975275 -0.00102749 2.60301 0.975272 0.220994 -0.00227904 2.69892 0.00244976 -0.00049843 0.999997 0.0488827
0.216378 -0.976309 -0.000780236 2.62612 0.976306 0.21638 -0.00244451 2.79022 0.00255543 -0.00023281 0.999997 0.0482278
0.214343 -0.976758 -0.000948639 2.6492 0.976755 0.214345 -0.00255867 2.89148 0.00270253 -0.000378155 0.999997 0.0477909
0.212942 -0.977065 -0.00080412 2.67928 0.97706 0.212943 -0.00282402 2.99914 0.00293048 -0.000184323 0.999996 0.0460373
0.212001 -0.977269 -0.000523793 2.70969 0.977265 0.212002 -0.00279142 3.10359 0.00283902 7.99007e-05 0.999996 0.0455828
0.212054 -0.977257 -0.000977561 2.73408 0.977255 0.212056 -0.00227731 3.21377 0.00243282 -0.000472412 0.999997 0.048911
0.211477 -0.977383 -0.000755449 2.77115 0.97738 0.211478 -0.00242118 3.31785 0.00252619 -0.000226335 0.999997 0.0443382
0.210959 -0.977494 -0.0010792 2.79406 0.977492 0.210961 -0.00229909 3.42242 0.00247502 -0.000569893 0.999997 0.0499641
0.209772 -0.97775 -0.000977012 2.82043 0.977748 0.209774 -0.00192639 3.52597 0.00208848 -0.000551169 0.999998 0.0468347
0.20907 -0.9779 -0.00108569 2.84875 0.977899 0.209072 -0.00184016 3.62282 0.00202648 -0.000676972 0.999998 0.0485625
0.208722 -0.977974 -0.0010898 2.8772 0.977972 0.208724 -0.00207819 3.72351 0.00225989 -0.000632032 0.999998 0.0489483
0.208073 -0.978111 -0.00194039 2.89601 0.978111 0.208077 -0.00178077 3.82186 0.00214554 -0.00152738 0.999997 0.0464001
0.206599 -0.978424 -0.00177825 2.92388 0.978422 0.206603 -0.00235386 3.92114 0.00267047 -0.00125357 0.999996 0.0439779
0.206226 -0.978502 -0.00203259 2.94639 0.978501 0.20623 -0.00235789 4.01896 0.00272638 -0.00150263 0.999996 0.0457736
0.205394 -0.978677 -0.00212209 2.97204 0.978675 0.205399 -0.00251808 4.12032 0.00290026 -0.00155964 0.999995 0.0430803
0.204634 -0.978836 -0.00209894 2.99495 0.978833 0.20464 -0.00288215 4.22098 0.00325069 -0.00146473 0.999994 0.044006
0.203918 -0.978986 -0.00195508 3.02546 0.978982 0.203924 -0.00306028 4.32033 0.00339466 -0.00128994 0.999994 0.0429106
0.203749 -0.979021 -0.00209475 3.0479 0.979017 0.203755 -0.0029715 4.41462 0.00333598 -0.00144536 0.999994 0.0460939
0.202412 -0.979298 -0.00201892 3.07219 0.979295 0.202418 -0.00303312 4.51331 0.00337899 -0.00136317 0.999994 0.0414419
0.202128 -0.979357 -0.00206871 3.09398 0.979353 0.202133 -0.0029956 4.60552 0.00335192 -0.00142051 0.999994 0.0474179
0.200599 -0.979671 -0.0022763 3.12177 0.979668 0.200606 -0.00295311 4.70261 0.00334972 -0.00163762 0.999994 0.0442553
0.200013 -0.979791 -0.00221187 3.14358 0.979787 0.200019 -0.00298847 4.78928 0.0033705 -0.00156943 0.999994 0.0398435
0.199037 -0.97999 -0.00226956 3.16965 0.979986 0.199043 -0.00305019 4.87936 0.00344089 -0.00161704 0.999993 0.0446033
0.198512 -0.980096 -0.00238505 3.1877 0.980091 0.19852 -0.00341413 4.96708 0.00381965 -0.00165982 0.999992 0.04227
0.197631 -0.980272 -0.00297802 3.19864 0.980268 0.197642 -0.0036278 5.04918 0.00414481 -0.00220229 0.999989 0.0420997
0.196916 -0.980416 -0.00295171 3.21876 0.980411 0.196926 -0.00381559 5.13508 0.00432213 -0.00214254 0.999989 0.0442142
0.195892 -0.980621 -0.00312056 3.24055 0.980616 0.195903 -0.00384208 5.22568 0.00437895 -0.00230743 0.999988 0.0460321
0.195165 -0.980766 -0.00287525 3.26165 0.98076 0.195176 -0.00397061 5.31428 0.00445542 -0.00204501 0.999988 0.0428166
0.194552 -0.980888 -0.00295539 3.27781 0.980883 0.194563 -0.00383476 5.40295 0.00433648 -0.00215283 0.999989 0.0443944
0.193635 -0.98107 -0.00273821 3.30262 0.981064 0.193645 -0.00390684 5.491 0.00436313 -0.00192986 0.999989 0.0457323
0.19338 -0.981121 -0.00240983 3.32014 0.981116 0.193387 -0.00353315 5.5802 0.00393248 -0.00168109 0.999991 0.0446538
0.192797 -0.981235 -0.00275912 3.33309 0.981232 0.192805 -0.00305054 5.6689 0.00352527 -0.0021192 0.999992 0.048071
0.192126 -0.981367 -0.00265355 3.3486 0.981363 0.192134 -0.00332015 5.74465 0.00376812 -0.0019662 0.999991 0.0455299
0.191094 -0.981568 -0.0027256 3.36795 0.981565 0.191103 -0.00331163 5.82758 0.00377146 -0.00204252 0.999991 0.0490527
0.189504 -0.981877 -0.00250685 3.39276 0.981874 0.189512 -0.00306825 5.91732 0.00348772 -0.00187996 0.999993 0.0502445
0.188223 -0.982123 -0.0025399 3.4103 0.98212 0.18823 -0.00306964 6.00313 0.00349285 -0.00191671 0.999993 0.0471289
0.186848 -0.982385 -0.00294577 3.42762 0.982382 0.186858 -0.00327728 6.08683 0.00376999 -0.00228152 0.999991 0.0492268
0.18554 -0.982633 -0.0027279 3.44987 0.98263 0.185549 -0.00327929 6.17754 0.0037285 -0.00207207 0.999991 0.0490959
0.184581 -0.982813 -0.00303219 3.46351 0.982811 0.18459 -0.00293007 6.26353 0.00343942 -0.00243924 0.999992 0.050867
0.183648 -0.982989 -0.00267324 3.48315 0.982988 0.183654 -0.00242855 6.35317 0.00287819 -0.00218177 0.999994 0.0544974
0.182985 -0.983113 -0.00253571 3.4999 0.983113 0.18299 -0.00178647 6.4265 0.00222031 -0.002166 0.999996 0.0531365
0.182419 -0.983218 -0.00238743 3.50933 0.983219 0.182424 -0.00165364 6.48089 0.00206141 -0.00204571 0.999996 0.0570488
0.182754 -0.983155 -0.00269462 3.5158 0.983155 0.18276 -0.00212665 6.49594 0.00258329 -0.00226058 0.999995 0.0536204
0.182352 -0.98323 -0.00271621 3.51854 0.983229 0.182359 -0.00235598 6.50575 0.0028118 -0.00224104 0.999994 0.0528631
0.182251 -0.983248 -0.00279422 3.51804 0.983247 0.182259 -0.00257396 6.50808 0.00304011 -0.00227831 0.999993 0.0527057
0.182217 -0.983255 -0.00283079 3.51671 0.983254 0.182224 -0.00246438 6.50841 0.00293895 -0.00233434 0.999994 0.05199
0.182152 -0.983267 -0.00280751 3.51573 0.983266 0.182159 -0.00238321 6.50749 0.00285474 -0.00232642 0.999994 0.0523344
0.18205 -0.983285 -0.00287651 3.51715 0.983285 0.182058 -0.00249793 6.50739 0.00297987 -0.00237368 0.999993 0.0512875
0.181949 -0.983304 -0.00285323 3.51404 0.983304 0.181956 -0.00248616 6.50751 0.00296381 -0.00235324 0.999993 0.0513814
0.181927 -0.983308 -0.00280981 3.51294 0.983308 0.181934 -0.00249564 6.50693 0.00296518 -0.00230888 0.999994 0.0516907
0.181866 -0.98332 -0.00273881 3.51239 0.983319 0.181873 -0.0025117 6.50547 0.00296792 -0.00223633 0.999994 0.0522074
0.18176 -0.98334 -0.00268204 3.50936 0.983339 0.181767 -0.00249548 6.50622 0.00294141 -0.00218378 0.999994 0.0523672
0.181684 -0.983354 -0.00269922 3.51056 0.983353 0.181691 -0.00240478 6.50532 0.00285517 -0.00221737 0.999994 0.0525544
0.181643 -0.983361 -0.00268894 3.5103 0.98336 0.18165 -0.00253499 6.50502 0.00298126 -0.00218374 0.999994 0.0523653
0.181772 -0.983338 -0.00264718 3.50993 0.983336 0.181778 -0.00252603 6.50489 0.00296514 -0.00214391 0.999994 0.0526076
0.181526 -0.983383 -0.00270237 3.51027 0.983382 0.181533 -0.00256524 6.504 0.00301319 -0.0021918 0.999994 0.0522556
0.181445 -0.983397 -0.00296156 3.51019 0.983396 0.181453 -0.00283416 6.50595 0.00332449 -0.00239814 0.999992 0.0502623
0.181143 -0.983453 -0.00295609 3.51521 0.983452 0.181151 -0.00275558 6.52815 0.00324548 -0.00240802 0.999992 0.0512786
0.180961 -0.983486 -0.00300759 3.5226 0.983485 0.180969 -0.00288507 6.56794 0.00338171 -0.00243583 0.999992 0.0511918
0.180493 -0.983572 -0.00303015 3.53288 0.98357 0.180502 -0.00304674 6.62215 0.00354363 -0.00243045 0.999991 0.0511596
0.180359 -0.983596 -0.00307838 3.54813 0.983595 0.180369 -0.00296767 6.68909 0.00347423 -0.00249264 0.999992 0.0524182
0.179486 -0.983758 -0.00232461 3.5752 0.983757 0.179492 -0.00240847 6.77296 0.00278659 -0.00185456 0.999995 0.0532336
0.179402 -0.983773 -0.00258033 3.58537 0.983772 0.179408 -0.00248336 6.85283 0.00290599 -0.00209294 0.999994 0.0539462
0.178638 -0.983912 -0.002515 3.6052 0.983911 0.178644 -0.00245916 6.9351 0.00286889 -0.00203524 0.999994 0.0560563
0.178444 -0.983946 -0.0027687 3.61626 0.983944 0.178452 -0.00292089 7.00968 0.00336808 -0.00220303 0.999993 0.0542134
0.177899 -0.984045 -0.00266029 3.63344 0.984044 0.177907 -0.00275615 7.08999 0.00318546 -0.00212752 0.999993 0.0540011
0.177139 -0.984183 -0.00241894 3.65055 0.984182 0.177145 -0.00245102 7.16912 0.00284076 -0.00194651 0.999995 0.059238
0.176489 -0.9843 -0.00254279 3.6613 0.984297 0.176496 -0.00290109 7.23292 0.00330433 -0.00199085 0.999993 0.0581715
0.175888 -0.984408 -0.00244441 3.67914 0.984405 0.175895 -0.00286407 7.29452 0.00324937 -0.00190253 0.999994 0.0592415
0.175519 -0.984473 -0.00249797 3.68856 0.984471 0.175526 -0.00291352 7.35894 0.00330675 -0.0019478 0.999993 0.0602801
0.175313 -0.98451 -0.00261541 3.69711 0.984507 0.175321 -0.00296792 7.42355 0.00338049 -0.00205457 0.999993 0.0651344
0.174596 -0.984637 -0.00275239 3.70644 0.984634 0.174605 -0.0031926 7.48671 0.00362413 -0.00215268 0.999992 0.0646403
0.174414 -0.984668 -0.00292623 3.71646 0.984666 0.174423 -0.00315131 7.56039 0.0036134 -0.00233173 0.999991 0.0670973
0.173953 -0.98475 -0.00281535 3.73687 0.984748 0.173962 -0.00312783 7.6365 0.0035699 -0.00222831 0.999992 0.0720684
0.173347 -0.984857 -0.00272867 3.75062 0.984853 0.173357 -0.00358881 7.71134 0.0040075 -0.00206523 0.999991 0.0715709
0.17292 -0.984932 -0.0028544 3.76394 0.984926 0.172931 -0.0040257 7.78158 0.00445866 -0.00211525 0.999989 0.0691781
0.172215 -0.985055 -0.00311971 3.77835 0.985047 0.172228 -0.00459295 7.85254 0.00506161 -0.00228208 0.999985 0.070603
0.171514 -0.985177 -0.00300253 3.79741 0.985167 0.171528 -0.00503999 7.92032 0.0054803 -0.00209357 0.999983 0.0690356
0.171308 -0.985213 -0.00306607 3.80507 0.985201 0.171322 -0.00534955 7.99161 0.00579573 -0.00210428 0.999982 0.0659273
0.171094 -0.98525 -0.00317415 3.81489 0.985239 0.171109 -0.00517886 8.05951 0.0056456 -0.00224122 0.999982 0.0679311
0.170462 -0.98536 -0.00293474 3.83066 0.985347 0.170476 -0.00542141 8.12712 0.00584235 -0.00196759 0.999982 0.0675065
0.169932 -0.985451 -0.0031295 3.83927 0.985438 0.169947 -0.00555694 8.19191 0.00600794 -0.00213963 0.99998 0.0690485
0.169228 -0.985572 -0.00305343 3.84895 0.985558 0.169243 -0.00573516 8.25203 0.00616919 -0.00203878 0.99998 0.0689566
0.168234 -0.985743 -0.003068 3.8596 0.985729 0.168249 -0.00562243 8.30344 0.00605846 -0.00207833 0.99998 0.069571
0.16909 -0.985597 -0.00275673 3.87766 0.985583 0.169103 -0.00552871 8.35176 0.00591525 -0.00178213 0.999982 0.0682416
0.172591 -0.98499 -0.00255509 3.89097 0.984976 0.172603 -0.0054919 8.39873 0.00585049 -0.00156885 0.999982 0.0698404
0.177872 -0.98405 -0.00262636 3.90316 0.984036 0.177884 -0.00547491 8.43394 0.00585478 -0.0016106 0.999982 0.0692526
0.184161 -0.982893 -0.00261626 3.90812 0.982879 0.184173 -0.00542985 8.46478 0.00581881 -0.0015715 0.999983 0.0696773
0.191092 -0.981569 -0.0025883 3.91954 0.981555 0.191104 -0.00539343 8.49481 0.00578865 -0.00150991 0.999983 0.0686332
0.198223 -0.980154 -0.00248671 3.92224 0.98014 0.198234 -0.00539286 8.5211 0.00577878 -0.00136833 0.999983 0.068944
0.20559 -0.978635 -0.00261353 3.93411 0.978621 0.205602 -0.0053216 8.54594 0.00574525 -0.00146359 0.999983 0.0686035
0.213608 -0.976916 -0.00268354 3.94178 0.9769 0.213621 -0.00567761 8.57074 0.0061198 -0.00140876 0.999981 0.0733645
0.223224 -0.974763 -0.00289666 3.96291 0.974747 0.223237 -0.00588398 8.59135 0.00638213 -0.00151006 0.999979 0.0673924
0.238325 -0.971181 -0.00291253 3.9845 0.971165 0.238339 -0.00577318 8.63092 0.00630097 -0.00145265 0.99998 0.0671863
0.256389 -0.966569 -0.00316453 4.00979 0.966551 0.256404 -0.00602156 8.66715 0.00663165 -0.00151481 0.999978 0.0680666
0.276969 -0.960874 -0.0030445 4.03769 0.960856 0.276983 -0.00599441 8.71122 0.00660315 -0.00126506 0.999978 0.0650592
0.301822 -0.95336 -0.00276625 4.08163 0.953345 0.301834 -0.00547646 8.77159 0.00605599 -0.000984269 0.999982 0.0649855
0.329821 -0.944041 -0.00247227 4.12921 0.944027 0.329829 -0.00511234 8.84146 0.00564169 -0.000647735 0.999985 0.0661984
0.357644 -0.933855 -0.00239165 4.16201 0.933842 0.357652 -0.00505972 8.92343 0.00558042 -0.000423846 0.999985 0.0677504
0.38176 -0.92426 -0.00166252 4.20822 0.924247 0.381763 -0.00494094 9.0013 0.0052014 0.000349676 0.999987 0.0688318
0.403585 -0.914941 -0.00155146 4.24779 0.914928 0.403588 -0.0048211 9.09278 0.00503717 0.000526254 0.999988 0.0695959
0.419634 -0.907693 -0.00124276 4.28671 0.907682 0.419635 -0.00437058 9.21204 0.00448865 0.000706017 0.99999 0.0721743
0.428647 -0.903472 -0.00101389 4.31987 0.903463 0.428647 -0.0040827 9.32595 0.00412321 0.000834022 0.999992 0.0725335
0.432599 -0.901587 -0.000128243 4.36574 0.901579 0.432596 -0.00392276 9.42928 0.00359219 0.00158136 0.999993 0.0719334
0.434879 -0.900489 -0.000100362 4.40945 0.900483 0.434877 -0.00350262 9.53108 0.00319771 0.00143284 0.999995 0.0779783
0.433783 -0.901017 6.84245e-05 4.45153 0.901012 0.433781 -0.00340665 9.6363 0.00303977 0.0015394 0.999995 0.0776962
0.430003 -0.902828 0.000103324 4.49296 0.902823 0.430001 -0.0031618 9.74234 0.00281013 0.00145287 0.999996 0.0794997
0.423329 -0.905976 0.000246134 4.53565 0.905973 0.423327 -0.00291102 9.84401 0.00253312 0.00145531 0.999996 0.0803409
0.412333 -0.911033 0.000579577 4.57547 0.911031 0.41233 -0.00258797 9.94865 0.00211875 0.00159512 0.999997 0.0800305
0.398421 -0.917203 0.000460399 4.6103 0.9172 0.398419 -0.00274409 10.0449 0.00233346 0.00151558 0.999997 0.0851074
0.3822 -0.92408 0.000496258 4.63953 0.924077 0.382198 -0.00270544 10.1293 0.00231037 0.0014926 0.999997 0.0849008
0.364888 -0.931052 0.0005054 4.66555 0.931049 0.364886 -0.00260024 10.209 0.00223654 0.00141935 0.999997 0.0842881
0.34733 -0.937743 0.000398154 4.68599 0.93774 0.347328 -0.00285483 10.283 0.0025388 0.00136493 0.999997 0.0860729
0.330013 -0.943976 0.000766837 4.71359 0.943974 0.33001 -0.0026298 10.3571 0.00222941 0.00159174 0.999997 0.0831842
0.31208 -0.950056 0.000550354 4.73002 0.950053 0.312078 -0.00253898 10.4296 0.00224042 0.00131523 0.999997 0.0880157
0.293332 -0.956011 0.000552438 4.74337 0.956008 0.293329 -0.00262815 10.4993 0.00235049 0.00129906 0.999997 0.0865972
0.27511 -0.961413 0.000473219 4.75634 0.96141 0.275108 -0.00267445 10.564 0.00244106 0.00119073 0.999997 0.090739
0.256394 -0.966572 0.000675103 4.76548 0.96657 0.256392 -0.00253927 10.6329 0.00228129 0.00130359 0.999997 0.0904489
0.23873 -0.971086 0.000673857 4.7802 0.971083 0.238728 -0.00255158 10.6949 0.00231693 0.00126351 0.999997 0.092586
0.219628 -0.975584 0.000767596 4.7937 0.97558 0.219626 -0.0027926 10.761 0.00255583 0.00136219 0.999997 0.0938664
0.202074 -0.97937 0.000723687 4.80707 0.979367 0.202072 -0.0027743 10.8255 0.00257083 0.00126937 0.999997 0.0957174
0.187491 -0.982266 0.000634261 4.81527 0.982263 0.187489 -0.00275387 10.8958 0.00258612 0.00113934 0.999997 0.095755
0.176292 -0.984338 0.000424954 4.82129 0.984334 0.17629 -0.00281909 10.971 0.00270002 0.000915282 0.999997 0.09784
0.169184 -0.985585 0.000508408 4.83686 0.985581 0.169182 -0.00295117 11.0516 0.00282262 0.00100037 0.999996 0.0974218
0.166058 -0.986116 0.000489626 4.84954 0.986113 0.166056 -0.00260799 11.1448 0.00249048 0.000915906 0.999997 0.100767
0.16723 -0.985918 0.000647515 4.86706 0.985916 0.167228 -0.00231414 11.2409 0.00217327 0.00102539 0.999998 0.10154
0.172734 -0.984969 0.00062514 4.88644 0.984967 0.172732 -0.00224017 11.3355 0.00209852 0.0010027 0.999998 0.10186
0.17819 -0.983996 0.00088765 4.9085 0.983994 0.178188 -0.0022315 11.4309 0.00203762 0.00127108 0.999998 0.101142
0.184893 -0.982758 0.00118716 4.93385 0.982758 0.184891 -0.00150514 11.5332 0.00125969 0.00144498 0.999999 0.105729
0.190452 -0.981696 0.00110225 4.94972 0.981696 0.190451 -0.0013672 11.6187 0.00113224 0.00134246 0.999999 0.106378
0.193779 -0.981045 0.00127942 4.97728 0.981045 0.193778 -0.001286 11.6971 0.0010137 0.00150437 0.999999 0.103198
0.196176 -0.980568 0.00120178 4.99223 0.980568 0.196175 -0.000967458 11.7753 0.000712897 0.00136822 1 0.107887
0.19812 -0.980177 0.00142587 5.0155 0.980178 0.19812 -0.000418737 11.8616 0.000127941 0.00148056 1 0.112284
0.199712 -0.979854 0.00143477 5.03552 0.979855 0.199711 -0.000588776 11.9289 0.000290371 0.00152346 1 0.103456
0.201376 -0.979513 0.0014388 5.05049 0.979514 0.201376 -0.000704822 11.9969 0.000400639 0.00155126 1 0.104491
0.202646 -0.979251 0.00139377 5.06623 0.979252 0.202645 -0.000620695 12.0665 0.000325372 0.00149064 1 0.107392
0.20392 -0.978987 0.0013438 5.07641 0.978988 0.20392 -0.0005274 12.1365 0.000242288 0.00142311 1 0.107302
0.205131 -0.978734 0.00137321 5.09444 0.978735 0.20513 -0.000723762 12.2063 0.00042668 0.00149248 1 0.107693
0.206218 -0.978505 0.00149813 5.11643 0.978506 0.206217 -0.000841136 12.2795 0.000514113 0.00163939 0.999999 0.104314
0.208937 -0.977928 0.00141624 5.1346 0.977929 0.208936 -0.00109077 12.3511 0.000770787 0.00161288 0.999999 0.10432
0.212417 -0.977178 0.00149609 5.15711 0.977179 0.212415 -0.00148631 12.423 0.00113459 0.00177766 0.999999 0.101565
0.215861 -0.976423 0.00150024 5.18018 0.976423 0.215858 -0.00174548 12.4959 0.00138049 0.00184166 0.999998 0.0995674
0.219094 -0.975703 0.00166586 5.20607 0.975703 0.219091 -0.00190436 12.5722 0.00149311 0.00204262 0.999998 0.0960214
0.222766 -0.974871 0.00171431 5.22222 0.974871 0.222763 -0.00206134 12.6517 0.00162765 0.00213043 0.999997 0.0955996
0.226271 -0.974063 0.00182043 5.23633 0.974064 0.226268 -0.00186576 12.7406 0.00140546 0.00219539 0.999997 0.0971323
0.229708 -0.973258 0.00180869 5.26027 0.973258 0.229704 -0.00223606 12.8201 0.00176079 0.00227396 0.999997 0.0982454
0.232754 -0.972534 0.00199912 5.28338 0.972534 0.232749 -0.0022929 12.9064 0.00176462 0.00247789 0.999996 0.0942829
0.235448 -0.971885 0.00212688 5.31305 0.971886 0.235443 -0.00232639 12.9925 0.00176022 0.00261483 0.999996 0.0940562
0.237531 -0.971377 0.00226415 5.34387 0.971378 0.237526 -0.00238287 13.0805 0.00177686 0.00276535 0.999996 0.0950206
0.238993 -0.971018 0.00255157 5.37418 0.97102 0.238987 -0.00250752 13.1654 0.00182505 0.00307691 0.999995 0.0892586
0.240694 -0.970598 0.00260756 5.40142 0.9706 0.240688 -0.00241883 13.2656 0.0017201 0.0031131 0.999995 0.0940936
0.240802 -0.97057 0.002813 5.43371 0.970573 0.240797 -0.00211388 13.3659 0.00137431 0.00323926 0.999995 0.0946514
0.238884 -0.971044 0.00285599 5.46038 0.971047 0.238878 -0.00209758 13.4597 0.00135461 0.00327438 0.999995 0.0972067
0.234822 -0.972034 0.00295774 5.49183 0.972038 0.234817 -0.00182114 13.5524 0.00107568 0.00330268 0.999995 0.0960699
0.230637 -0.973036 0.00285378 5.50115 0.97304 0.230632 -0.00181235 13.6477 0.00110531 0.00319484 0.999995 0.101349
0.224188 -0.974542 0.00279038 5.51956 0.974545 0.224184 -0.00186544 13.7363 0.00119239 0.00313757 0.999995 0.108532
0.217756 -0.975999 0.00283862 5.54076 0.976003 0.217752 -0.00186547 13.8245 0.00120258 0.00317672 0.999995 0.104643
0.211001 -0.977482 0.00282702 5.55795 0.977485 0.210997 -0.00167823 13.9182 0.00104394 0.00311748 0.999996 0.109965
0.204576 -0.978847 0.00274546 5.56972 0.978851 0.204573 -0.00151189 14.0026 0.000918257 0.00299669 0.999996 0.109369
0.197321 -0.980335 0.0027847 5.58391 0.980339 0.197318 -0.00137392 14.0997 0.000797432 0.00300105 0.999996 0.115574
0.19074 -0.981637 0.002881 5.59609 0.98164 0.190736 -0.00150048 14.189 0.000923413 0.00311431 0.999996 0.114591
0.183793 -0.982962 0.00247227 5.60071 0.982965 0.183792 -0.000448909 14.2893 -1.31264e-05 0.00251267 0.999998 0.121568
0.17659 -0.984282 0.00242617 5.61009 0.984285 0.176589 -0.000789644 14.3742 0.000348796 0.00252748 0.999998 0.12161
0.170631 -0.985333 0.00219534 5.61538 0.985335 0.17063 -0.000641532 14.4645 0.000257529 0.00227261 0.999998 0.124771
0.166345 -0.986065 0.00231279 5.62709 0.986068 0.166345 -0.000283903 14.5556 -0.000104777 0.0023278 0.999998 0.127782
0.16283 -0.986652 0.002327 5.64369 0.986654 0.16283 -0.000336921 14.6445 -4.64852e-05 0.00235081 0.999998 0.128779
0.159335 -0.987222 0.00230301 5.65357 0.987225 0.159336 -6.3437e-05 14.7313 -0.000304328 0.0022837 0.999998 0.128356
0.15668 -0.987646 0.00252891 5.67334 0.987649 0.156681 0.000304052 14.8233 -0.000696533 0.00245004 0.999998 0.124877
0.154671 -0.987963 0.00248903 5.67915 0.987966 0.154672 0.000337382 14.913 -0.000718308 0.0024069 0.999998 0.12984
0.153306 -0.988176 0.00237745 5.68935 0.988179 0.153307 0.000346814 14.9946 -0.000707197 0.00229618 0.999998 0.129649
0.151851 -0.988401 0.00238283 5.70495 0.988403 0.151853 0.000438102 15.0773 -0.000794862 0.00228867 0.999998 0.127105
0.151272 -0.98849 0.0021886 5.71888 0.988491 0.151275 0.00116621 15.1773 -0.00148387 0.001987 0.999998 0.130293
0.150535 -0.988602 0.00219214 5.73012 0.988604 0.150538 0.00118369 15.2568 -0.0015002 0.00198897 0.999998 0.128883
0.149496 -0.98876 0.00238665 5.75479 0.988762 0.149499 0.00096345 15.3371 -0.00130943 0.00221579 0.999998 0.126384
0.148924 -0.988846 0.00251138 5.77229 0.988848 0.148926 0.000927975 15.4195 -0.00129164 0.00234518 0.999997 0.124289
0.148128 -0.988965 0.00239916 5.77366 0.988967 0.148131 0.00111719 15.5035 -0.00146026 0.0022072 0.999997 0.126702
0.147123 -0.989115 0.00244453 5.78838 0.989117 0.147126 0.00116314 15.5888 -0.00151014 0.00224681 0.999997 0.127242
0.146314 -0.989235 0.00257623 5.79187 0.989237 0.146317 0.00115264 15.6645 -0.00151718 0.00237986 0.999997 0.125735
0.145127 -0.989409 0.00278629 5.80699 0.989411 0.145132 0.00143569 15.7561 -0.00182487 0.00254843 0.999996 0.127019
0.14402 -0.98957 0.00298354 5.81747 0.989573 0.144026 0.00171135 15.8466 -0.00212321 0.00270596 0.999995 0.129775
0.143054 -0.989711 0.00291004 5.83364 0.989713 0.143059 0.00179704 15.9381 -0.00219486 0.00262303 0.999995 0.130624
0.14189 -0.989878 0.00306423 5.85095 0.98988 0.141897 0.00200283 16.0276 -0.00241736 0.00274904 0.999994 0.128237
0.141018 -0.990002 0.00315737 5.86597 0.990004 0.141025 0.00198944 16.1169 -0.00241482 0.00284526 0.999994 0.127961
0.140085 -0.990134 0.00329959 5.87997 0.990136 0.140092 0.00208886 16.2004 -0.0025305 0.00297443 0.999993 0.128901
0.139174 -0.990261 0.00370096 5.893 0.990264 0.139183 0.00214556 16.2804 -0.00263978 0.00336633 0.999992 0.124902
0.138737 -0.990323 0.00364113 5.9096 0.990325 0.138746 0.00240303 16.3667 -0.00288497 0.00327251 0.999991 0.12681
0.137845 -0.990447 0.00375202 5.92134 0.990449 0.137855 0.0025209 16.4401 -0.00301406 0.00336869 0.999991 0.126842
0.137 -0.990563 0.00398358 5.93848 0.990566 0.137011 0.00260039 16.5169 -0.00312165 0.00358975 0.99999 0.127268
0.135642 -0.99075 0.00406014 5.95044 0.990753 0.135653 0.00269358 16.5962 -0.00321944 0.00365723 0.999989 0.128258
0.134655 -0.990883 0.00429791 5.9653 0.990888 0.134667 0.00258368 16.6662 -0.00313892 0.00391084 0.999988 0.128455
0.13267 -0.99115 0.00453161 5.97378 0.991155 0.132683 0.00272306 16.7426 -0.00330023 0.00413026 0.999987 0.133337
0.130846 -0.991391 0.00473826 5.98717 0.991398 0.130859 0.00257586 16.8131 -0.00317374 0.00436046 0.999986 0.130738
0.129665 -0.991547 0.00473856 5.99767 0.991553 0.129678 0.00257652 16.8853 -0.00316923 0.00436445 0.999986 0.129793
0.127959 -0.991768 0.0047904 6.01311 0.991774 0.127974 0.00285636 16.9681 -0.0034459 0.0043855 0.999985 0.130667
0.126284 -0.991982 0.00491403 6.02576 0.991988 0.126299 0.00290802 17.0458 -0.00350535 0.00450743 0.999985 0.131582
0.125065 -0.992135 0.00514786 6.03902 0.992142 0.125082 0.00308312 17.1139 -0.00370278 0.00472182 0.999983 0.130991
0.123726 -0.992303 0.00514061 6.05292 0.992309 0.123744 0.00318266 17.1803 -0.00379429 0.0047073 0.999983 0.13207
0.123087 -0.992382 0.00525144 6.06014 0.992388 0.123106 0.00336213 17.2389 -0.00398301 0.00479763 0.999981 0.133819
0.122421 -0.992465 0.00505368 6.06302 0.99247 0.122439 0.00340579 17.2697 -0.0039989 0.00459869 0.999982 0.131596
0.122039 -0.992513 0.00490026 6.06135 0.992518 0.122055 0.00323198 17.2766 -0.00380589 0.00446918 0.999984 0.127903
0.121763 -0.992547 0.00493346 6.06183 0.992552 0.12178 0.00312744 17.2767 -0.00370493 0.00451591 0.999984 0.127427
0.121644 -0.992561 0.00498773 6.06161 0.992567 0.12166 0.00307087 17.2728 -0.00365484 0.00457711 0.999984 0.126803
0.121666 -0.992558 0.00502352 6.06275 0.992564 0.121682 0.00306673 17.2669 -0.00365519 0.00461305 0.999984 0.126689
0.121818 -0.99254 0.00502731 6.0634 0.992546 0.121834 0.00308883 17.2631 -0.00367829 0.00461357 0.999984 0.12615
0.12167 -0.992558 0.00501304 6.06242 0.992564 0.121686 0.00314277 17.259 -0.0037294 0.00459338 0.999983 0.126613
0.121822 -0.99254 0.00487051 6.0572 0.992546 0.121837 0.00298209 17.2497 -0.00355326 0.00447092 0.999985 0.126509
0.121507 -0.992579 0.00487548 6.06028 0.992585 0.121522 0.00288174 17.2608 -0.00345283 0.00448917 0.999985 0.124772
0.120094 -0.99275 0.00495473 6.06523 0.992757 0.120108 0.00274063 17.2846 -0.00331587 0.00458972 0.999985 0.122017
0.11747 -0.993065 0.00473098 6.07071 0.993071 0.117484 0.00272666 17.323 -0.00326357 0.0043779 0.999986 0.118175
0.114475 -0.993414 0.00486376 6.07876 0.99342 0.114491 0.00305013 17.3873 -0.0035869 0.0044826 0.999985 0.118957
0.110617 -0.993852 0.00481833 6.08271 0.993856 0.110633 0.00314312 17.4529 -0.00365686 0.00444105 0.999984 0.11773
0.106559 -0.994294 0.00497455 6.09249 0.994299 0.106576 0.00337442 17.5322 -0.00388534 0.00458661 0.999983 0.117729
0.102012 -0.994771 0.00487071 6.09918 0.994776 0.102028 0.0033442 17.606 -0.00382368 0.00450412 0.999984 0.118899
0.0977423 -0.995201 0.00471801 6.09871 0.995205 0.097758 0.00318325 17.6783 -0.0036292 0.00438426 0.999985 0.116094
0.093555 -0.995603 0.00469981 6.10933 0.995608 0.0935703 0.00309681 17.7509 -0.00352296 0.00438944 0.999985 0.113341
0.0890702 -0.996014 0.00484112 6.12331 0.996019 0.0890868 0.00330496 17.8402 -0.00372307 0.00452748 0.999984 0.10972
0.0840469 -0.996449 0.00506317 6.13656 0.996454 0.0840652 0.0034783 17.921 -0.00389159 0.00475288 0.999982 0.109127
0.0798655 -0.996793 0.00497505 6.13787 0.996798 0.0798835 0.00349603 18.0007 -0.00388225 0.00467991 0.999982 0.110348
0.075784 -0.997111 0.00511895 6.14865 0.997115 0.0758044 0.00388426 18.0855 -0.00426108 0.00480982 0.99998 0.110124
0.072141 -0.997381 0.00510169 6.15423 0.997385 0.0721621 0.00405119 18.1739 -0.00440874 0.00479609 0.99998 0.112256
0.0670674 -0.997735 0.00511128 6.14692 0.997737 0.0670905 0.00446283 18.2566 -0.00479565 0.0048004 0.999978 0.117105
0.0604581 -0.998157 0.00515137 6.14475 0.998158 0.0604826 0.0047103 18.3391 -0.0050132 0.00485711 0.999977 0.116625
0.0539433 -0.998528 0.00570536 6.16914 0.998529 0.0539728 0.00513741 18.4252 -0.00543779 0.00541984 0.999972 0.12057
0.0476986 -0.998845 0.00580576 6.1736 0.998847 0.0477288 0.00515217 18.4966 -0.00542333 0.00555332 0.999971 0.120201
0.0405612 -0.99916 0.00583072 6.17618 0.999162 0.0405919 0.00522297 18.5699 -0.00545527 0.00561399 0.99997 0.118687
0.0340969 -0.999403 0.00558337 6.17402 0.999401 0.0341295 0.0058141 18.6553 -0.00600119 0.00538178 0.999969 0.124913
0.0270682 -0.999616 0.00595467 6.18881 0.999614 0.0271044 0.00605806 18.7454 -0.00621714 0.0057884 0.999965 0.123048
0.0195724 -0.999791 0.00589231 6.19067 0.99979 0.019608 0.00602855 18.8235 -0.00614283 0.00577308 0.999965 0.125579
0.0116566 -0.999914 0.00597279 6.19761 0.999914 0.0116927 0.00601933 18.9095 -0.00608866 0.00590211 0.999965 0.125476
0.00439205 -0.999974 0.0057634 6.19644 0.999969 0.0044296 0.00649543 19.0009 -0.0065208 0.0057347 0.999963 0.129579
-0.00420843 -0.999975 0.00570476 6.19669 0.999969 -0.00416977 0.00674721 19.0908 -0.00672327 0.00573298 0.999962 0.127638
-0.0122243 -0.999908 0.00586469 6.20367 0.999903 -0.0121845 0.00674433 19.1815 -0.00667226 0.00594657 0.999961 0.126987
-0.0204694 -0.999773 0.0058799 6.19542 0.999768 -0.0204293 0.00678002 19.2666 -0.00665837 0.00601733 0.999961 0.131045
-0.028896 -0.999565 0.00599171 6.19756 0.999562 -0.0288563 0.00658963 19.3536 -0.00641387 0.0061795 0.999961 0.133756
-0.0375967 -0.999275 0.00594302 6.19951 0.999273 -0.0375578 0.00650052 19.4444 -0.00627261 0.00618311 0.999962 0.129375
-0.0460381 -0.998923 0.00585008 6.19759 0.998921 -0.046 0.00646818 19.5222 -0.00619211 0.00614155 0.999963 0.133638
-0.055246 -0.998456 0.00585818 6.19192 0.998455 -0.0552091 0.00627442 19.6048 -0.00594131 0.00619577 0.999964 0.134384
-0.0643445 -0.997911 0.00584738 6.19163 0.997912 -0.0643089 0.00606148 19.6884 -0.00567278 0.0062252 0.999966 0.131934
-0.0734771 -0.99728 0.00590906 6.1932 0.997282 -0.073442 0.00592889 19.7702 -0.0054788 0.00632864 0.999966 0.129342
-0.0825394 -0.996571 0.0058542 6.18769 0.996572 -0.0825037 0.00607632 19.8609 -0.0055725 0.00633567 0.999966 0.130775
-0.0918679 -0.995756 0.00547713 6.18699 0.995756 -0.0918346 0.00601815 19.9561 -0.00548963 0.00600676 0.999968 0.125728
-0.10141 -0.99483 0.00551775 6.18378 0.994828 -0.101374 0.00641683 20.0438 -0.0058243 0.00613994 0.999965 0.128373
-0.111078 -0.993795 0.00579068 6.18006 0.993796 -0.111041 0.00634754 20.1335 -0.00566515 0.00645983 0.999964 0.128569
-0.120491 -0.992698 0.00565819 6.17071 0.992698 -0.120454 0.00639849 20.2253 -0.00567022 0.00638784 0.999965 0.127918
-0.130956 -0.991371 0.00578739 6.16061 0.99137 -0.130917 0.00675304 20.3171 -0.00593712 0.00662181 0.999962 0.132872
